00000000000000000000000000000000000000000000000000
00000000000000000000000000000000000000000000000001
00000000000000000000000000000000000000000000000011
00000000000000000000000000000000000000000000000110
00000000000000000000000000000000000000000000001011
00000000000000000000000000000000000000000000010011
00000000000000000000000000000000000000000000011100
00000000000000000000000000000000000000000000100111
00000000000000000000000000000000000000000000110110
00000000000000000000000000000000000000000001000111
00000000000000000000000000000000000000000001011011
00000000000000000000000000000000000000000001110010
00000000000000000000000000000000000000000010001101
00000000000000000000000000000000000000000010101011
00000000000000000000000000000000000000000011001110
00000000000000000000000000000000000000000011110101
00000000000000000000000000000000000000000100100001
00000000000000000000000000000000000000000101010010
00000000000000000000000000000000000000000110001000
00000000000000000000000000000000000000000111000011
00000000000000000000000000000000000000001000000101
00000000000000000000000000000000000000001001001101
00000000000000000000000000000000000000001010011100
00000000000000000000000000000000000000001011110010
00000000000000000000000000000000000000001101001111
00000000000000000000000000000000000000001110110100
00000000000000000000000000000000000000010000100010
00000000000000000000000000000000000000010010011000
00000000000000000000000000000000000000010100011000
00000000000000000000000000000000000000010110100001
00000000000000000000000000000000000000011000110101
00000000000000000000000000000000000000011011010010
00000000000000000000000000000000000000011101111011
00000000000000000000000000000000000000100000110000
00000000000000000000000000000000000000100011110000
00000000000000000000000000000000000000100110111101
00000000000000000000000000000000000000101010010111
00000000000000000000000000000000000000101101111110
00000000000000000000000000000000000000110001110011
00000000000000000000000000000000000000110101110111
00000000000000000000000000000000000000111010001001
00000000000000000000000000000000000000111110101011
00000000000000000000000000000000000001000011011101
00000000000000000000000000000000000001001000100000
00000000000000000000000000000000000001001101110011
00000000000000000000000000000000000001010011010111
00000000000000000000000000000000000001011001001110
00000000000000000000000000000000000001011111010110
00000000000000000000000000000000000001100101110001
00000000000000000000000000000000000001101100100000
00000000000000000000000000000000000001110011100010
00000000000000000000000000000000000001111010110111
00000000000000000000000000000000000010000010100001
00000000000000000000000000000000000010001010100000
00000000000000000000000000000000000010010010110011
00000000000000000000000000000000000010011011011100
00000000000000000000000000000000000010100100011010
00000000000000000000000000000000000010101101101101
00000000000000000000000000000000000010110111010111
00000000000000000000000000000000000011000001010111
00000000000000000000000000000000000011001011101101
00000000000000000000000000000000000011010110011001
00000000000000000000000000000000000011100001011100
00000000000000000000000000000000000011101100110101
00000000000000000000000000000000000011111000100100
00000000000000000000000000000000000100000100101010
00000000000000000000000000000000000100010001000111
00000000000000000000000000000000000100011101111001
00000000000000000000000000000000000100101011000010
00000000000000000000000000000000000100111000100000
00000000000000000000000000000000000101000110010100
00000000000000000000000000000000000101010100011110
00000000000000000000000000000000000101100010111100
00000000000000000000000000000000000101110001101111
00000000000000000000000000000000000110000000110110
00000000000000000000000000000000000110010000010000
00000000000000000000000000000000000110011111111110
00000000000000000000000000000000000110101111111110
00000000000000000000000000000000000111000000010000
00000000000000000000000000000000000111010000110011
00000000000000000000000000000000000111100001100111
00000000000000000000000000000000000111110010101010
00000000000000000000000000000000001000000011111101
00000000000000000000000000000000001000010101011101
00000000000000000000000000000000001000100111001011
00000000000000000000000000000000001000111001000100
00000000000000000000000000000000001001001011001001
00000000000000000000000000000000001001011101011000
00000000000000000000000000000000001001101111110001
00000000000000000000000000000000001010000010010001
00000000000000000000000000000000001010010100111000
00000000000000000000000000000000001010100111100100
00000000000000000000000000000000001010111010010101
00000000000000000000000000000000001011001101001010
00000000000000000000000000000000001011100000000000
00000000000000000000000000000000001011110010110111
00000000000000000000000000000000001100000101101101
00000000000000000000000000000000001100011000100001
00000000000000000000000000000000001100101011010001
00000000000000000000000000000000001100111101111101
00000000000000000000000000000000001101010000100010
00000000000000000000000000000000001101100010111111
00000000000000000000000000000000001101110101010100
00000000000000000000000000000000001110000111011110
00000000000000000000000000000000001110011001011011
00000000000000000000000000000000001110101011001100
00000000000000000000000000000000001110111100101101
00000000000000000000000000000000001111001101111110
00000000000000000000000000000000001111011110111101
00000000000000000000000000000000001111101111101000
00000000000000000000000000000000001111111111111111
00000000000000000000000000000000010000010000000000
00000000000000000000000000000000010000011111101010
00000000000000000000000000000000010000101110111010
00000000000000000000000000000000010000111101110000
00000000000000000000000000000000010001001100001011
00000000000000000000000000000000010001011010001001
00000000000000000000000000000000010001100111101000
00000000000000000000000000000000010001110100101001
00000000000000000000000000000000010010000001001001
00000000000000000000000000000000010010001101000111
00000000000000000000000000000000010010011000100010
00000000000000000000000000000000010010100011011010
00000000000000000000000000000000010010101101101101
00000000000000000000000000000000010010110111011010
00000000000000000000000000000000010011000000100000
00000000000000000000000000000000010011001000111111
00000000000000000000000000000000010011010000110101
00000000000000000000000000000000010011011000000010
00000000000000000000000000000000010011011110100101
00000000000000000000000000000000010011100100011110
00000000000000000000000000000000010011101001101100
00000000000000000000000000000000010011101110001111
00000000000000000000000000000000010011110010000101
00000000000000000000000000000000010011110101001111
00000000000000000000000000000000010011110111101101
00000000000000000000000000000000010011111001011101
00000000000000000000000000000000010011111010100001
00000000000000000000000000000000010011111010111000
00000000000000000000000000000000010011111010100001
00000000000000000000000000000000010011111001011101
00000000000000000000000000000000010011110111101101
00000000000000000000000000000000010011110101001111
00000000000000000000000000000000010011110010000101
00000000000000000000000000000000010011101110001111
00000000000000000000000000000000010011101001101100
00000000000000000000000000000000010011100100011110
00000000000000000000000000000000010011011110100101
00000000000000000000000000000000010011011000000010
00000000000000000000000000000000010011010000110101
00000000000000000000000000000000010011001000111111
00000000000000000000000000000000010011000000100000
00000000000000000000000000000000010010110111011010
00000000000000000000000000000000010010101101101101
00000000000000000000000000000000010010100011011010
00000000000000000000000000000000010010011000100010
00000000000000000000000000000000010010001101000111
00000000000000000000000000000000010010000001001001
00000000000000000000000000000000010001110100101001
00000000000000000000000000000000010001100111101000
00000000000000000000000000000000010001011010001001
00000000000000000000000000000000010001001100001011
00000000000000000000000000000000010000111101110000
00000000000000000000000000000000010000101110111010
00000000000000000000000000000000010000011111101010
00000000000000000000000000000000010000010000000000
00000000000000000000000000000000001111111111111111
00000000000000000000000000000000001111101111101000
00000000000000000000000000000000001111011110111101
00000000000000000000000000000000001111001101111110
00000000000000000000000000000000001110111100101101
00000000000000000000000000000000001110101011001100
00000000000000000000000000000000001110011001011011
00000000000000000000000000000000001110000111011110
00000000000000000000000000000000001101110101010100
00000000000000000000000000000000001101100010111111
00000000000000000000000000000000001101010000100010
00000000000000000000000000000000001100111101111101
00000000000000000000000000000000001100101011010001
00000000000000000000000000000000001100011000100001
00000000000000000000000000000000001100000101101101
00000000000000000000000000000000001011110010110111
00000000000000000000000000000000001011100000000000
00000000000000000000000000000000001011001101001010
00000000000000000000000000000000001010111010010101
00000000000000000000000000000000001010100111100100
00000000000000000000000000000000001010010100111000
00000000000000000000000000000000001010000010010001
00000000000000000000000000000000001001101111110001
00000000000000000000000000000000001001011101011000
00000000000000000000000000000000001001001011001001
00000000000000000000000000000000001000111001000100
00000000000000000000000000000000001000100111001011
00000000000000000000000000000000001000010101011101
00000000000000000000000000000000001000000011111101
00000000000000000000000000000000000111110010101010
00000000000000000000000000000000000111100001100111
00000000000000000000000000000000000111010000110011
00000000000000000000000000000000000111000000010000
00000000000000000000000000000000000110101111111110
00000000000000000000000000000000000110011111111110
00000000000000000000000000000000000110010000010000
00000000000000000000000000000000000110000000110110
00000000000000000000000000000000000101110001101111
00000000000000000000000000000000000101100010111100
00000000000000000000000000000000000101010100011110
00000000000000000000000000000000000101000110010100
00000000000000000000000000000000000100111000100000
00000000000000000000000000000000000100101011000010
00000000000000000000000000000000000100011101111001
00000000000000000000000000000000000100010001000111
00000000000000000000000000000000000100000100101010
00000000000000000000000000000000000011111000100100
00000000000000000000000000000000000011101100110101
00000000000000000000000000000000000011100001011100
00000000000000000000000000000000000011010110011001
00000000000000000000000000000000000011001011101101
00000000000000000000000000000000000011000001010111
00000000000000000000000000000000000010110111010111
00000000000000000000000000000000000010101101101101
00000000000000000000000000000000000010100100011010
00000000000000000000000000000000000010011011011100
00000000000000000000000000000000000010010010110011
00000000000000000000000000000000000010001010100000
00000000000000000000000000000000000010000010100001
00000000000000000000000000000000000001111010110111
00000000000000000000000000000000000001110011100010
00000000000000000000000000000000000001101100100000
00000000000000000000000000000000000001100101110001
00000000000000000000000000000000000001011111010110
00000000000000000000000000000000000001011001001110
00000000000000000000000000000000000001010011010111
00000000000000000000000000000000000001001101110011
00000000000000000000000000000000000001001000100000
00000000000000000000000000000000000001000011011101
00000000000000000000000000000000000000111110101011
00000000000000000000000000000000000000111010001001
00000000000000000000000000000000000000110101110111
00000000000000000000000000000000000000110001110011
00000000000000000000000000000000000000101101111110
00000000000000000000000000000000000000101010010111
00000000000000000000000000000000000000100110111101
00000000000000000000000000000000000000100011110000
00000000000000000000000000000000000000100000110000
00000000000000000000000000000000000000011101111011
00000000000000000000000000000000000000011011010010
00000000000000000000000000000000000000011000110101
00000000000000000000000000000000000000010110100001
00000000000000000000000000000000000000010100011000
00000000000000000000000000000000000000010010011000
00000000000000000000000000000000000000010000100010
00000000000000000000000000000000000000001110110100
00000000000000000000000000000000000000001101001111
00000000000000000000000000000000000000001011110010
00000000000000000000000000000000000000001010011100
00000000000000000000000000000000000000001001001101
00000000000000000000000000000000000000001000000101
00000000000000000000000000000000000000000111000011
00000000000000000000000000000000000000000110001000
00000000000000000000000000000000000000000101010010
00000000000000000000000000000000000000000100100001
00000000000000000000000000000000000000000011110101
00000000000000000000000000000000000000000011001110
00000000000000000000000000000000000000000010101011
00000000000000000000000000000000000000000010001101
00000000000000000000000000000000000000000001110010
00000000000000000000000000000000000000000001011011
00000000000000000000000000000000000000000001000111
00000000000000000000000000000000000000000000110110
00000000000000000000000000000000000000000000100111
00000000000000000000000000000000000000000000011100
00000000000000000000000000000000000000000000010011
00000000000000000000000000000000000000000000001011
00000000000000000000000000000000000000000000000110
00000000000000000000000000000000000000000000000011
00000000000000000000000000000000000000000000000001
00000000000000000000000000000000000000000000000000
