11111111111111111111111111111111000001110111111111
00000000000000000000000000000000000011111110001110
00000000000000000000000000000000000011110111001001
00000000000000000000000000000000000011110000110010
00000000000000000000000000000000000011101011001001
00000000000000000000000000000000000011100110001111
00000000000000000000000000000000000011100001111110
00000000000000000000000000000000000011011110010111
00000000000000000000000000000000000011011011010010
00000000000000000000000000000000000011011000110111
00000000000000000000000000000000000011010110111101
00000000000000000000000000000000000011010101100001
00000000000000000000000000000000000011010100100010
00000000000000000000000000000000000011010100000101
00000000000000000000000000000000000011010100000001
00000000000000000000000000000000000011010100010110
00000000000000000000000000000000000011010101000100
00000000000000000000000000000000000011010110001011
00000000000000000000000000000000000011010111100111
00000000000000000000000000000000000011011001011001
00000000000000000000000000000000000011011100110011
00000000000000000000000000000000000011011010010111
00000000000000000000000000000000000011100001100101
00000000000000000000000000000000000011100101000111
00000000000000000000000000000000000011100111011110
00000000000000000000000000000000000011101001111110
00000000000000000000000000000000000011101100111111
00000000000000000000000000000000000011110000100101
00000000000000000000000000000000000011110100110010
00000000000000000000000000000000000011111001001111
00000000000000000000000000000000000011111101111101
00000000000000000000000000000000000100000010111000
00000000000000000000000000000000000100000111101110
00000000000000000000000000000000000100001100101000
00000000000000000000000000000000000100010001100011
00000000000000000000000000000000000100010110100110
00000000000000000000000000000000000100011011101001
00000000000000000000000000000000000100100000110100
00000000000000000000000000000000000100100110000100
00000000000000000000000000000000000100101011011100
00000000000000000000000000000000000100110000111000
00000000000000000000000000000000000100110111000010
00000000000000000000000000000000000100111011011011
00000000000000000000000000000000000101000010001011
00000000000000000000000000000000000101001000010101
00000000000000000000000000000000000101001110000010
00000000000000000000000000000000000101010011101011
00000000000000000000000000000000000101011001100101
00000000000000000000000000000000000101011111101011
00000000000000000000000000000000000101100101110101
00000000000000000000000000000000000101101011111111
00000000000000000000000000000000000101110010000001
00000000000000000000000000000000000101110111111111
00000000000000000000000000000000000101111101110100
00000000000000000000000000000000000110000011100101
00000000000000000000000000000000000110001001010110
00000000000000000000000000000000000110001111001100
00000000000000000000000000000000000110010101000001
00000000000000000000000000000000000110011010110010
00000000000000000000000000000000000110100000011111
00000000000000000000000000000000000110100110010000
00000000000000000000000000000000000110101011110000
00000000000000000000000000000000000110110001100110
00000000000000000000000000000000000110110110100100
00000000000000000000000000000000000110111100001101
00000000000000000000000000000000000111000001110010
00000000000000000000000000000000000111000110111001
00000000000000000000000000000000000111001011111100
00000000000000000000000000000000000111010001000011
00000000000000000000000000000000000111010110001010
00000000000000000000000000000000000111011011001101
00000000000000000000000000000000000111100000000111
00000000000000000000000000000000000111100100111010
00000000000000000000000000000000000111101001100011
00000000000000000000000000000000000111101110000101
00000000000000000000000000000000000111110010011110
00000000000000000000000000000000000111110110110011
00000000000000000000000000000000000111111010111111
00000000000000000000000000000000000111111111001100
00000000000000000000000000000000001000000011000111
00000000000000000000000000000000001000000110110010
00000000000000000000000000000000001000001010011101
00000000000000000000000000000000001000001101110111
00000000000000000000000000000000001000010001010001
00000000000000000000000000000000001000010100001110
00000000000000000000000000000000001000010111010011
00000000000000000000000000000000001000011010010100
00000000000000000000000000000000001000011101000000
00000000000000000000000000000000001000011111011111
00000000000000000000000000000000001000100001110110
00000000000000000000000000000000001000100100001001
00000000000000000000000000000000001000100110010100
00000000000000000000000000000000001000101000010001
00000000000000000000000000000000001000101001111110
00000000000000000000000000000000001000101011100111
00000000000000000000000000000000001000101100111111
00000000000000000000000000000000001000101110010011
00000000000000000000000000000000001000101111011011
00000000000000000000000000000000001000110000011110
00000000000000000000000000000000001000110001010100
00000000000000000000000000000000001000110001111110
00000000000000000000000000000000001000110010010111
00000000000000000000000000000000001000110010101000
00000000000000000000000000000000001000110010111001
00000000000000000000000000000000001000110010111001
00000000000000000000000000000000001000110010101000
00000000000000000000000000000000001000110010010111
00000000000000000000000000000000001000110001111110
00000000000000000000000000000000001000110001010100
00000000000000000000000000000000001000110000011110
00000000000000000000000000000000001000101111011011
00000000000000000000000000000000001000101110010011
00000000000000000000000000000000001000101100111111
00000000000000000000000000000000001000101011100111
00000000000000000000000000000000001000101001111110
00000000000000000000000000000000001000101000010001
00000000000000000000000000000000001000100110010100
00000000000000000000000000000000001000100100001001
00000000000000000000000000000000001000100001110110
00000000000000000000000000000000001000011111011111
00000000000000000000000000000000001000011101000000
00000000000000000000000000000000001000011010010100
00000000000000000000000000000000001000010111010011
00000000000000000000000000000000001000010100001110
00000000000000000000000000000000001000010001010001
00000000000000000000000000000000001000001101110111
00000000000000000000000000000000001000001010011101
00000000000000000000000000000000001000000110110010
00000000000000000000000000000000001000000011000111
00000000000000000000000000000000000111111111001100
00000000000000000000000000000000000111111010111111
00000000000000000000000000000000000111110110110011
00000000000000000000000000000000000111110010011110
00000000000000000000000000000000000111101110000101
00000000000000000000000000000000000111101001100011
00000000000000000000000000000000000111100100111010
00000000000000000000000000000000000111100000000111
00000000000000000000000000000000000111011011001101
00000000000000000000000000000000000111010110001010
00000000000000000000000000000000000111010001000011
00000000000000000000000000000000000111001011111100
00000000000000000000000000000000000111000110111001
00000000000000000000000000000000000111000001110010
00000000000000000000000000000000000110111100001101
00000000000000000000000000000000000110110110100100
00000000000000000000000000000000000110110001100110
00000000000000000000000000000000000110101011110000
00000000000000000000000000000000000110100110010000
00000000000000000000000000000000000110100000011111
00000000000000000000000000000000000110011010110010
00000000000000000000000000000000000110010101000001
00000000000000000000000000000000000110001111001100
00000000000000000000000000000000000110001001010110
00000000000000000000000000000000000110000011100101
00000000000000000000000000000000000101111101110100
00000000000000000000000000000000000101110111111111
00000000000000000000000000000000000101110010000001
00000000000000000000000000000000000101101011111111
00000000000000000000000000000000000101100101110101
00000000000000000000000000000000000101011111101011
00000000000000000000000000000000000101011001100101
00000000000000000000000000000000000101010011101011
00000000000000000000000000000000000101001110000010
00000000000000000000000000000000000101001000010101
00000000000000000000000000000000000101000010001011
00000000000000000000000000000000000100111011011011
00000000000000000000000000000000000100110111000010
00000000000000000000000000000000000100110000111000
00000000000000000000000000000000000100101011011100
00000000000000000000000000000000000100100110000100
00000000000000000000000000000000000100100000110100
00000000000000000000000000000000000100011011101001
00000000000000000000000000000000000100010110100110
00000000000000000000000000000000000100010001100011
00000000000000000000000000000000000100001100101000
00000000000000000000000000000000000100000111101110
00000000000000000000000000000000000100000010111000
00000000000000000000000000000000000011111101111101
00000000000000000000000000000000000011111001001111
00000000000000000000000000000000000011110100110010
00000000000000000000000000000000000011110000100101
00000000000000000000000000000000000011101100111111
00000000000000000000000000000000000011101001111110
00000000000000000000000000000000000011100111011110
00000000000000000000000000000000000011100101000111
00000000000000000000000000000000000011100001100101
00000000000000000000000000000000000011011010010111
00000000000000000000000000000000000011011100110011
00000000000000000000000000000000000011011001011001
00000000000000000000000000000000000011010111100111
00000000000000000000000000000000000011010110001011
00000000000000000000000000000000000011010101000100
00000000000000000000000000000000000011010100010110
00000000000000000000000000000000000011010100000001
00000000000000000000000000000000000011010100000101
00000000000000000000000000000000000011010100100010
00000000000000000000000000000000000011010101100001
00000000000000000000000000000000000011010110111101
00000000000000000000000000000000000011011000110111
00000000000000000000000000000000000011011011010010
00000000000000000000000000000000000011011110010111
00000000000000000000000000000000000011100001111110
00000000000000000000000000000000000011100110001111
00000000000000000000000000000000000011101011001001
00000000000000000000000000000000000011110000110010
00000000000000000000000000000000000011110111001001
00000000000000000000000000000000000011111110001110
11111111111111111111111111111111000001111000000000
